300 924
0 1
0 2
0 5
1 2
1 3
1 6
2 3
2 4
2 7
3 4
3 5
3 8
4 5
4 6
4 9
5 6
5 7
5 10
6 7
6 8
6 11
7 8
7 9
7 12
8 9
8 10
8 13
9 10
9 11
9 14
10 11
10 12
10 15
11 12
11 13
11 16
12 13
12 14
12 17
13 14
13 15
13 18
14 15
14 16
14 19
15 16
15 17
15 20
16 17
16 18
16 21
17 18
17 19
17 22
18 19
18 20
18 23
19 20
19 21
19 24
20 21
20 22
20 25
21 22
21 23
21 26
22 23
22 24
22 27
23 24
23 25
23 28
24 25
24 26
24 29
25 26
25 27
25 0
26 27
26 28
26 1
27 28
27 29
27 2
28 29
28 0
28 3
29 0
29 1
29 4
30 31
30 32
30 35
31 32
31 33
31 36
32 33
32 34
32 37
33 34
33 35
33 38
34 35
34 36
34 39
35 36
35 37
35 40
36 37
36 38
36 41
37 38
37 39
37 42
38 39
38 40
38 43
39 40
39 41
39 44
40 41
40 42
40 45
41 42
41 43
41 46
42 43
42 44
42 47
43 44
43 45
43 48
44 45
44 46
44 49
45 46
45 47
45 50
46 47
46 48
46 51
47 48
47 49
47 52
48 49
48 50
48 53
49 50
49 51
49 54
50 51
50 52
50 55
51 52
51 53
51 56
52 53
52 54
52 57
53 54
53 55
53 58
54 55
54 56
54 59
55 56
55 57
55 30
56 57
56 58
56 31
57 58
57 59
57 32
58 59
58 30
58 33
59 30
59 31
59 34
60 61
60 62
60 65
61 62
61 63
61 66
62 63
62 64
62 67
63 64
63 65
63 68
64 65
64 66
64 69
65 66
65 67
65 70
66 67
66 68
66 71
67 68
67 69
67 72
68 69
68 70
68 73
69 70
69 71
69 74
70 71
70 72
70 75
71 72
71 73
71 76
72 73
72 74
72 77
73 74
73 75
73 78
74 75
74 76
74 79
75 76
75 77
75 80
76 77
76 78
76 81
77 78
77 79
77 82
78 79
78 80
78 83
79 80
79 81
79 84
80 81
80 82
80 85
81 82
81 83
81 86
82 83
82 84
82 87
83 84
83 85
83 88
84 85
84 86
84 89
85 86
85 87
85 60
86 87
86 88
86 61
87 88
87 89
87 62
88 89
88 60
88 63
89 60
89 61
89 64
90 91
90 92
90 95
91 92
91 93
91 96
92 93
92 94
92 97
93 94
93 95
93 98
94 95
94 96
94 99
95 96
95 97
95 100
96 97
96 98
96 101
97 98
97 99
97 102
98 99
98 100
98 103
99 100
99 101
99 104
100 101
100 102
100 105
101 102
101 103
101 106
102 103
102 104
102 107
103 104
103 105
103 108
104 105
104 106
104 109
105 106
105 107
105 110
106 107
106 108
106 111
107 108
107 109
107 112
108 109
108 110
108 113
109 110
109 111
109 114
110 111
110 112
110 115
111 112
111 113
111 116
112 113
112 114
112 117
113 114
113 115
113 118
114 115
114 116
114 119
115 116
115 117
115 90
116 117
116 118
116 91
117 118
117 119
117 92
118 119
118 90
118 93
119 90
119 91
119 94
120 121
120 122
120 125
121 122
121 123
121 126
122 123
122 124
122 127
123 124
123 125
123 128
124 125
124 126
124 129
125 126
125 127
125 130
126 127
126 128
126 131
127 128
127 129
127 132
128 129
128 130
128 133
129 130
129 131
129 134
130 131
130 132
130 135
131 132
131 133
131 136
132 133
132 134
132 137
133 134
133 135
133 138
134 135
134 136
134 139
135 136
135 137
135 140
136 137
136 138
136 141
137 138
137 139
137 142
138 139
138 140
138 143
139 140
139 141
139 144
140 141
140 142
140 145
141 142
141 143
141 146
142 143
142 144
142 147
143 144
143 145
143 148
144 145
144 146
144 149
145 146
145 147
145 120
146 147
146 148
146 121
147 148
147 149
147 122
148 149
148 120
148 123
149 120
149 121
149 124
150 151
150 152
150 155
151 152
151 153
151 156
152 153
152 154
152 157
153 154
153 155
153 158
154 155
154 156
154 159
155 156
155 157
155 160
156 157
156 158
156 161
157 158
157 159
157 162
158 159
158 160
158 163
159 160
159 161
159 164
160 161
160 162
160 165
161 162
161 163
161 166
162 163
162 164
162 167
163 164
163 165
163 168
164 165
164 166
164 169
165 166
165 167
165 170
166 167
166 168
166 171
167 168
167 169
167 172
168 169
168 170
168 173
169 170
169 171
169 174
170 171
170 172
170 175
171 172
171 173
171 176
172 173
172 174
172 177
173 174
173 175
173 178
174 175
174 176
174 179
175 176
175 177
175 150
176 177
176 178
176 151
177 178
177 179
177 152
178 179
178 150
178 153
179 150
179 151
179 154
180 181
180 182
180 185
181 182
181 183
181 186
182 183
182 184
182 187
183 184
183 185
183 188
184 185
184 186
184 189
185 186
185 187
185 190
186 187
186 188
186 191
187 188
187 189
187 192
188 189
188 190
188 193
189 190
189 191
189 194
190 191
190 192
190 195
191 192
191 193
191 196
192 193
192 194
192 197
193 194
193 195
193 198
194 195
194 196
194 199
195 196
195 197
195 200
196 197
196 198
196 201
197 198
197 199
197 202
198 199
198 200
198 203
199 200
199 201
199 204
200 201
200 202
200 205
201 202
201 203
201 206
202 203
202 204
202 207
203 204
203 205
203 208
204 205
204 206
204 209
205 206
205 207
205 180
206 207
206 208
206 181
207 208
207 209
207 182
208 209
208 180
208 183
209 180
209 181
209 184
210 211
210 212
210 215
211 212
211 213
211 216
212 213
212 214
212 217
213 214
213 215
213 218
214 215
214 216
214 219
215 216
215 217
215 220
216 217
216 218
216 221
217 218
217 219
217 222
218 219
218 220
218 223
219 220
219 221
219 224
220 221
220 222
220 225
221 222
221 223
221 226
222 223
222 224
222 227
223 224
223 225
223 228
224 225
224 226
224 229
225 226
225 227
225 230
226 227
226 228
226 231
227 228
227 229
227 232
228 229
228 230
228 233
229 230
229 231
229 234
230 231
230 232
230 235
231 232
231 233
231 236
232 233
232 234
232 237
233 234
233 235
233 238
234 235
234 236
234 239
235 236
235 237
235 210
236 237
236 238
236 211
237 238
237 239
237 212
238 239
238 210
238 213
239 210
239 211
239 214
240 241
240 242
240 245
241 242
241 243
241 246
242 243
242 244
242 247
243 244
243 245
243 248
244 245
244 246
244 249
245 246
245 247
245 250
246 247
246 248
246 251
247 248
247 249
247 252
248 249
248 250
248 253
249 250
249 251
249 254
250 251
250 252
250 255
251 252
251 253
251 256
252 253
252 254
252 257
253 254
253 255
253 258
254 255
254 256
254 259
255 256
255 257
255 260
256 257
256 258
256 261
257 258
257 259
257 262
258 259
258 260
258 263
259 260
259 261
259 264
260 261
260 262
260 265
261 262
261 263
261 266
262 263
262 264
262 267
263 264
263 265
263 268
264 265
264 266
264 269
265 266
265 267
265 240
266 267
266 268
266 241
267 268
267 269
267 242
268 269
268 240
268 243
269 240
269 241
269 244
270 271
270 272
270 275
271 272
271 273
271 276
272 273
272 274
272 277
273 274
273 275
273 278
274 275
274 276
274 279
275 276
275 277
275 280
276 277
276 278
276 281
277 278
277 279
277 282
278 279
278 280
278 283
279 280
279 281
279 284
280 281
280 282
280 285
281 282
281 283
281 286
282 283
282 284
282 287
283 284
283 285
283 288
284 285
284 286
284 289
285 286
285 287
285 290
286 287
286 288
286 291
287 288
287 289
287 292
288 289
288 290
288 293
289 290
289 291
289 294
290 291
290 292
290 295
291 292
291 293
291 296
292 293
292 294
292 297
293 294
293 295
293 298
294 295
294 296
294 299
295 296
295 297
295 270
296 297
296 298
296 271
297 298
297 299
297 272
298 299
298 270
298 273
299 270
299 271
299 274
29 30
59 60
89 90
119 120
149 150
179 180
209 210
239 240
269 270
29 60
59 90
89 120
119 150
149 180
179 210
209 240
239 270
29 90
59 120
89 150
119 180
149 210
179 240
209 270
